173290305
173291437
165914130
173211342
170809298
170805079
173243505
173152002
173231131
171044827
172898109
170153302
172731121
173011199
170780468
128864124
172273461
172793015
173220156
172574567
172478118
173155404
172759447
172895571
173127261
138415686
173288251
162626971
171796544
173098358
173205433
172740409
171506810
173184838
173252251
170689234
159733900
163278584
171923361
173211279
172081469
172968721
171952598
172787863
173246578
173182642
172892264
161204994
167355348
172260236
172841182
172901407
171280000
141334000
171207097
172768998
171319800
171287484
